defaultlat=13.119103
defaultlon=80.148597